10 1111111
132 1111110
99 111110
138 11110111
139 11110110
12 1111010
178 111100
161 11101
60 111001
59 111000
45 1101111
197 1101110
44 1101101
222 110110011
215 110110010
208 11011000
15 1101011
145 1101010
61 110100
62 110011
127 110010
196 1100011
13 1100010
179 110000
122 101111
141 10111011
221 101110101
214 101110100
11 1011100
113 101101
75 101100
63 101011
74 101010
156 10100
114 100111
173 100110
160 10010
195 1000111
206 10001101
230 1000110011
237 10001100101
236 10001100100
213 100011000
176 100010
46 1000011
47 1000010
64 100000
170 011111
66 011110
194 0111011
136 01110101
4 011101001
228 0111010001
3 0111010000
118 011100
71 011011
73 011010
72 011001
172 011000
67 010111
68 010110
14 0101011
192 0101010
65 010100
70 010011
175 010010
153 01000
154 00111
69 001101
174 001100
27 00101111
216 001011101
2 00101110011
244 001011100101
245 001011100100
238 00101110001
241 001011100001
242 001011100000
26 00101101
28 00101100
123 001010
158 00100
29 00011111
142 00011110
25 00011101
207 00011100
171 000110
6 00010111
33 00010110
129 0001010
169 000100
193 0000111
48 0000110
135 00001011
31 00001010
30 00001001
24 00001000
116 000001
49 0000001
191 0000000
34 11111111
205 11111110
131 1111110
23 11111011
203 11111010
32 11111001
134 11111000
35 11110111
226 1111011011
227 1111011010
234 11110110011
247 1111011001011
0 1111011001010
243 111101100100
224 1111011000
22 11110101
204 11110100
167 111100
157 11101
151 111001
117 111000
166 110111
50 1101101
130 1101100
149 110101
121 110100
104 1100111
217 110011011
220 110011010
202 11001100
51 1100101
189 1100100
82 1100011
21 11000101
36 11000100
125 110000
84 1011111
107 1011110
211 101110111
212 101110110
37 10111010
52 1011100
119 101101
85 1011001
86 1011000
133 10101111
5 101011101
1 101011100111
239 101011100110
235 10101110010
225 1010111000
83 1010110
168 101010
120 101001
20 10100011
38 10100010
81 1010000
162 100111
146 1001101
188 1001100
201 10010111
39 10010110
106 1001010
103 1001001
79 1001000
96 1000111
80 1000110
150 100010
53 1000011
190 1000010
19 10000011
40 10000010
100 1000000
89 0111111
87 0111110
124 011110
88 0111011
108 0111010
128 0111001
210 011100011
233 01110001011
248 0111000101011
251 0111000101010
249 0111000101001
246 0111000101000
223 0111000100
143 01110000
111 0110111
78 0110110
8 01101011
18 01101010
184 0110100
7 01100111
219 011001101
218 011001100
54 0110010
187 0110001
93 0110000
55 0101111
200 01011101
41 01011100
165 010110
164 010101
105 0101001
95 0101000
181 0100111
147 0100110
17 01001011
144 01001010
98 0100100
97 0100011
56 0100010
186 0100001
185 0100000
90 0011111
102 0011110
94 0011101
109 0011100
183 0011011
209 001101011
231 00110101011
232 00110101010
252 0011010100111
255 0011010100110111
254 0011010100110110
253 001101010011010
250 00110101001100
240 001101010010
229 00110101000
16 00110100
163 001100
101 0010111
77 0010110
110 0010101
57 0010100
148 0010011
199 00100101
198 00100100
159 001000
42 00011111
43 00011110
112 0001110
155 000110
182 0001011
9 00010101
137 000101001
140 000101000
180 0001001
126 0001000
177 0000111
92 0000110
152 000010
115 0000011
58 0000010
91 0000001
76 0000000
